step 0
step 1
step 2
1 -1.4905922657066535 5.954052955522006
step 3
1 0.4964326611287033 5.916666423797579
2 85.57122240828132 69.54319835591414
step 4
1 3.9767480609034767 5.851183137530039
2 85.44723395170513 67.83294074015157
step 5
1 9.466444003872052 5.747892691216345
2 85.16470522374428 63.935828686257885
4 -13.019834671705244 69.09240906943788
step 6
1 16.43875080303916 5.616706430883584
2 84.77726219628804 58.59156191595635
4 -12.978622531737141 67.69340016827472
step 7
1 24.81143916168877 5.459171527968225
2 84.28735366227949 51.83391830580048
4 -12.877206368377784 64.2506739383004
6 79.22944995685936 79.51744823123383
step 8
1 35.04025352529112 5.266712999872571
2 83.61150955839959 42.511538161335054
4 -12.72746105638246 59.16734110115428
6 77.10941718778503 79.50807463654688
7 -3.280000000000001 75.95255176876618
step 9
1 47.52655773840162 5.031779053005684
2 82.75318645536872 30.67210032752807
4 -12.514470997462269 51.93706894059079
6 72.5573226241863 79.48794783000018
7 -1.938652186929251 75.95848309537705
step 10
1 61.92562884040548 4.760855763978434
2 81.89475456118139 18.831161862864164
4 -12.231367523983138 42.326690065481046
6 66.1788946566639 79.45974600247204
7 1.4616801717132297 75.97351907754964
step 11
1 72.54517619076537 4.561045465400233
10 74.47059226570664 7.725947044477993
4 -11.89788039165526 31.005961102821345
6 57.690050553438525 79.4222130996108
7 6.458015977246683 75.99561245201329
step 12
1 79.34235164203884 4.433154359348398
10 72.45584812748064 7.763855122340085
4 -11.567882986968366 19.80369626350366
6 46.72988318621087 79.37375339271375
7 13.314730896456163 76.02593226561203
step 13
1 83.91036834510527 6.827620503278523
10 68.61839598091278 7.836058054714533
4 -11.302670674261282 10.800660108078134
6 33.261810706376615 79.31420513738396
7 22.703302027848544 76.0674477332983
step 14
1 84.6187233365951 12.034937476570642
10 63.24865370306801 7.937091533113006
13 79.22944995685936 79.51744823123383
4 -8.055526438944971 6.290608818334249
6 19.095697647860902 79.25157053850559
7 33.850343075864934 76.11673900626731
step 15
1 85.18172045578156 19.80074195006481
10 55.45452451654239 8.083740653695719
13 77.37320200545717 79.5092409449179
14 74.47059226570664 7.725947044477993
4 -2.0394559221172432 5.964380006896979
6 4.185092361734618 79.18564421296571
7 46.769303900240914 76.17386555866155
step 16
1 85.90029590624732 29.712544795226314
10 46.21573730869978 8.257571493146415
11 -1.4905922657066535 5.954052955522006
13 73.3109958640477 79.49128014994349
14 72.70655195221528 7.759138046892117
4 6.364060294050072 5.8062650676380825
6 -6.727095274707267 79.13739664550167
7 60.353553368111186 76.23393396118341
step 17
1 86.71842778541485 40.99759757902754
10 35.84421754933428 8.45271507050033
11 0.5522186456075335 5.915616792033865
13 67.48211686638908 79.46550811943513
14 69.0180066069185 7.828539248510941
16 -3.280000000000001 75.95255176876618
4 16.145812125882813 5.622218169060044
6 -12.448986506720695 77.19177361323878
7 74.51723893551073 76.29656458114279
step 18
1 87.70890277987876 54.6598968710854
10 24.750459080464637 8.661447808242128
11 3.917157015576196 5.852304362773131
13 59.3188192897466 79.42941460054779
14 63.80186081797983 7.926682758128602
15 74.47059226570664 7.725947044477993
16 -1.1923937106691316 75.9617829872587
4 28.37646367930068 5.392094411608976
6 -13.103109725363977 71.9193076824092
step 19
1 88.69725501075602 68.29291543257571
10 14.335101399586634 8.857416210600112
11 9.859319567158323 5.740500607447196
13 49.087344619474656 79.38417676365776
14 56.29674924146617 8.067893916711089
15 72.44108602125753 7.7641328762550845
16 2.868742927331475 75.97974099007988
4 41.29688674970339 5.148992374744257
6 -12.87711646444378 64.2476220122413
step 20
10 3.073106422756922 9.069314373927222
11 18.376490027262662 5.58024722596788
13 38.078277972823734 79.33550085159989
14 47.46351155194586 8.234094207733422
15 68.63351883233857 7.835773513259134
16 8.34083007697947 76.00393809675973
4 54.55290528870418 4.8995759980522555
6 -12.58461985324235 54.31837876140341
step 21
10 -3.978154928364731 9.201986190289789
11 29.112710021907343 5.378241692967597
13 25.788604396612847 79.28116281465125
14 37.03893379515133 8.430236088871718
15 63.331904558461574 7.9355251407118725
16 15.150276424996553 76.0340488927335
18 74.47059226570664 7.725947044477993
4 67.7983592755659 4.6503583969057285
6 -12.233542556252308 42.40052485074682
step 22
10 -7.02999346588149 9.33208847947308
11 41.824304701253794 5.13906883140498
13 13.628138491766748 79.22739606148629
14 24.8202576102698 8.660134525799801
15 56.19939192052139 8.069725726930956
16 24.27388303506187 76.0743927097107
18 71.95612292249584 7.7732576174861405
4 78.00323984981473 4.458350190979095
6 -11.832139090201224 28.774272431001968
step 23
10 -8.120195260733675 11.485666900524642
11 55.93800466468373 4.873514894810828
13 2.607063214951225 79.17866705400765
14 12.978486692085113 8.882941365375402
15 46.99595146841564 8.242891505472318
16 35.60298338276799 76.1244890335088
18 67.53771346970481 7.856391453880118
22 79.22944995685936 79.51744823123383
4 83.44738947369382 6.152442982470163
6 -11.513385037914581 17.9536803245014
step 24
10 -8.256486888248455 16.113022745932856
11 66.87763853506205 4.667682062406498
14 4.608109806502455 9.040432777159884
15 36.070909478274004 8.448449786819932
16 49.039214770407405 76.18390291259564
18 61.237744144745214 7.974927462084933
19 74.47059226570664 7.725947044477993
22 77.55119867625237 79.51002794626619
4 84.62197240768631 12.079754137180558
6 -11.327129804711548 11.630962568496813
step 25
10 -8.465926195418263 23.223879223051092
11 76.59105684212592 4.484920881716097
14 -2.2279036026089045 9.16905463224421
15 25.141587450964742 8.65408859848359
16 63.030292013231765 76.24577027313876
18 53.505868230544344 8.12040526674237
19 72.72225722820777 7.758842546925708
22 73.37440401191648 79.49156050517509
4 85.21064162168075 20.199671379478545
6 -9.382105271883859 6.854656992591583
step 26
10 -8.716053101369884 31.716155832071642
11 81.75496089515666 4.801768610121638
14 -5.516815546319165 9.23093659912935
15 13.547376618376106 8.872237513103725
16 75.50545928771612 76.30093440798063
18 44.035154373212954 8.298599882873345
19 69.59981588426392 7.817592314372734
22 66.6012531372971 79.46161343455508
23 79.22944995685936 79.51744823123383
4 85.9355716904532 30.199127822840843
6 -3.6957563775838382 5.995543848219348
step 27
10 -9.03637913164022 42.591824100447894
11 84.44617226553812 9.65482249222263
14 -8.051182370896786 10.507094225380717
15 6.452643198399244 9.005727270831512
16 83.48062656220047 76.33619992332294
18 33.20469856851237 8.502378493832868
19 64.8794651143451 7.906407276594203
22 58.08713233785885 79.4239687723339
23 77.89889361650302 79.51156525809087
4 86.82206695842311 42.42716360334354
6 4.49633144050884 5.841407004255235
step 28
10 -9.342139039634809 52.97294525476687
11 85.05675036701207 18.076944009817076
14 -8.176653822789586 13.40254075342825
15 1.6230809697614887 9.096597082798914
16 85.9388159670108 74.64776049483805
18 22.183115120005112 8.709753234675862
19 57.88043932843564 8.038096263506786
22 47.65140531237069 79.37782784619942
23 74.46891515374656 79.49639981896945
25 -1.4905922657066535 5.954052955522006
27 -3.280000000000001 75.95255176876618
4 87.83161241213057 56.35251478795682
6 14.932034584301128 5.645055795277957
step 29
10 -9.646837466668455 63.31802714373272
11 85.8121159831928 28.496218782903682
14 -8.322931226322455 18.36893238460568
15 -2.685982527883212 9.177673538852158
16 85.65250876235116 70.66443665457851
18 13.580902162829247 8.871606718887532
19 48.62023235484489 8.2123301229402
21 84.75877759171868 13.966801644085859
22 35.73082515049955 79.32512173311447
23 68.75015087339389 79.47111465392098
25 0.6672220036511067 5.913452965784962
27 -1.5057011023117237 75.96039756846476
4 88.58175269775782 66.69971300149317
6 27.096092961168896 5.416185010486718
step 30
10 -9.843839279558248 70.00660741131183
11 86.70846669390708 40.860197428377354
14 -8.545605413555576 25.929137811039286
15 -5.813594397901923 9.236520591458781
16 85.20487662297843 64.4899402815889
18 7.356219385667913 8.988726185774889
19 37.78615014196745 8.41617696596995
21 84.90376362667166 15.966693225163628
22 22.76148540581942 79.26777859394356
23 61.59109661527819 79.43946133519103
25 5.163266662808164 5.828858397285142
27 2.0709621188510177 75.97621327080165
4 89.04813942946903 73.13290429869706
6 41.40826649103971 5.1468967280431555
step 31
10 -9.953594197237297 73.7329922901583
11 87.66084430077298 53.99699338666227
14 -8.80974599696065 34.897204998412654
15 -8.094988590671957 10.769931544031746
16 84.63087381204605 56.57232677163317
18 3.226117140120266 9.066435426631884
19 25.63995340262472 8.64471167813877
21 85.19054800000094 19.922506307381404
22 9.740747212918293 79.21020819969046
23 52.43413676699057 79.39897439959523
25 12.240986525614005 5.695688755267192
27 7.704364558430386 76.00112370005347
4 88.21854478104207 78.08551500293287
6 56.24786438577955 4.8676847815916044
step 32
10 -9.163597445023155 75.79056958408565
11 88.31927596091796 63.07919178091464
14 -9.15005551109925 46.451349946359045
15 -8.19009052457658 13.858741928003756
16 83.95100271307984 47.194399528629845
18 -1.3720867586954455 9.152952155041657
19 17.155247049677435 8.804354236695964
21 85.58871516340018 25.414698422311517
22 -0.8474909326636322 79.16339295500494
23 41.11860971410103 79.3489434916724
25 21.54532923761563 5.520624467306186
27 15.31705777075141 76.03478638574211
4 83.34222866160627 79.53563262969114
6 69.1404344823606 4.625106807648963
step 33
10 -5.945436337705592 75.94076543465856
11 89.11220164085434 74.01655821237387
14 -9.482673368932367 57.7443487665861
15 -8.354388784960658 19.436975378156255
16 83.10558832924809 35.53302049101792
18 -3.7287617420617494 9.197293774937748
19 9.959244638616568 8.939749404012092
21 86.13170148433089 32.904480263865246
22 -8.137096454038925 79.13116241188227
23 28.98255085489069 79.29528465276076
25 32.968030635799465 5.305702559465794
27 25.417711071604856 76.07945062057117
32 74.47059226570664 7.725947044477993
4 76.71000161669107 79.50630864512934
6 78.35184187241676 4.451791128532925
step 34
10 -0.6621511994892026 75.96412767480813
14 -9.750147132497396 66.8255836589624
15 -8.570360179396717 26.76960844379552
16 82.15080810407188 22.363083574482204
18 -7.183875546632385 9.357352701685913
19 5.337566926596537 9.026707799987383
21 86.8466672289708 42.76649196677208
22 -12.507492504540242 77.08938811705457
23 17.303628852649354 79.24364701638721
25 44.6864758847353 5.0852161331791965
27 37.25625450250691 76.13179965860687
32 73.0244435044315 7.753156812111741
4 67.67849620174957 79.46637639860582
6 83.92836690313018 6.8538684003981905
step 35
10 7.144433121329394 75.99864773058397
14 -9.946129260098655 73.47954370249387
15 -8.849316350103404 36.24069254976743
16 81.51914202041533 13.650081090023711
18 -8.161917414613384 12.902212114333564
19 0.6422958258450535 9.115050879931836
21 87.68096030026591 54.27446713124682
22 -13.10916147706765 72.12474361724834
23 5.603112133693955 79.19191390029995
25 55.94612067900415 4.873362189314904
27 49.91578135341343 76.18777901590703
32 70.08286551108804 7.808503575749563
34 -1.4905922657066535 5.954052955522006
4 56.162849061075704 79.4154606720052
6 84.70275136163932 13.193993518864792
step 36
10 16.4563143721668 76.03982408210298
14 -8.420423317650561 75.92438565032631
15 -9.176805945571479 47.35957726434927
16 81.20604201411726 9.331278476834257
18 -8.345444045588245 19.133284734971994
19 -2.3759451594906977 9.171840083140243
21 88.56120869469515 66.41633551082667
22 -12.9022588426965 65.10111836062775
23 -3.842546477298356 79.15015050085525
25 67.64939442880203 4.653161219806512
27 62.827452878252295 76.24487333563508
32 65.46327649282183 7.895422672260495
34 0.585110048030244 5.914997929409884
4 42.97363799447935 79.3571453852878
6 85.30043358040089 21.43823330270869
step 37
10 27.961762488477085 76.09070020082265
14 -5.167921472911697 75.9442035396474
15 -9.522362832589266 59.09188034283022
16 78.20330597050142 7.6557148005550255
18 -8.57334255401473 26.87086564406157
19 -6.123528959780074 9.2423521128321
21 89.11606509643146 74.06984949856606
22 -12.651863213854961 56.60105712059516
23 -8.783806713633295 79.07440183120265
25 76.57020013630344 4.4853133075399345
27 75.89722632885727 76.30266676871044
32 59.07755610115909 8.015572115169828
34 4.978069129180076 5.8323429501826745
4 28.968486521312748 79.2952224681736
6 86.01361918065585 31.275690256120257
step 38
10 39.20799993060208 76.14043011185879
14 -0.5974364165793693 75.96441383810615
15 -9.754469660915444 66.97234158904891
16 71.64700852282189 7.779073707236104
18 -8.840191790034057 35.930896657359504
19 -8.116532890077831 11.361322562054301
21 87.03491784552473 78.94205088277178
22 -12.333075937358895 45.77933716766985
23 -12.95728441357041 76.1044402778663
25 81.27956094002701 4.641290858510688
32 50.16415789654725 8.183280652817578
34 10.966801851870624 5.71966296167212
4 16.008898467796982 79.23792244550627
6 86.90256930196172 43.53758750832249
step 39
10 50.59072238884021 76.1907635480956
14 6.1439760394758185 75.99422379396232
15 -9.941671250441361 73.32818593076043
16 63.529497216912915 7.931807369437875
18 -9.146597437395375 46.333941871781974
19 -8.283227094734576 17.020902804651442
21 81.01713329930678 79.52535236334214
22 -11.943588101247181 32.55757896640162
23 -13.079857731633613 71.12998331770147
25 84.20128327959598 8.01102533395361
32 39.56853408553328 8.382640822084042
34 19.25734352793484 5.563673675781017
4 2.2654161644578465 79.1771564825561
6 87.94397990731642 57.90247653207828
step 40
10 61.33325334458173 76.2382661116402
14 15.385908222142683 76.03509083661648
15 -9.080352267338249 75.83272885175857
16 53.219914970304686 8.125785571987299
18 -9.481937185464048 57.71935395995317
19 -8.498410205209847 24.326772154424155
21 72.74622508517417 79.48878305063002
22 -11.585302259568978 20.395020020020723
23 -12.893542492386153 64.80522856506579
25 84.69889465317996 13.140795300284458
30 -8.250165328294756 15.898393953708078
32 26.46459331009475 8.629195805315291
34 29.970291047170132 5.362106022108994
6 88.96644967291682 72.00610159358104
step 41
10 72.0482136595153 76.28564676014238
14 26.345753881140702 76.08355434740366
15 -6.663475565940732 75.93759032590557
16 40.686883721129895 8.361598703504873
18 -9.684778114449115 64.60618314779371
19 -8.769663708718566 33.53633629226833
21 62.35159949200238 79.44282385195429
22 -11.330985052275352 11.761834822694794
23 -12.635753885853187 56.05420142992531
25 85.18772292526758 19.883538118638192
30 -8.320874795106537 18.299112695889853
32 13.45077771074179 8.874055053526112
34 41.08205635584663 5.153034479715777
step 42
10 80.38428384080514 76.3225081576222
14 38.71891096388858 76.13826740180322
15 -1.7025327384671707 75.9595271956129
16 26.88910171751995 8.621208539112866
18 -9.834284738770869 69.68221286874994
19 -9.09069075194082 44.43580526241851
21 50.451365448267744 79.39020769798113
22 -9.960605419426894 7.205746737307356
23 -12.323786162380282 45.463981597807624
25 85.84731293814707 28.981714464714862
29 84.75877759171868 13.966801644085859
30 -8.454937952016413 22.850807793327327
32 0.6565083118690325 9.114783467302813
34 52.189421997659366 4.944045718510939
step 43
10 84.22035402209498 76.33947093560245
14 50.71823515794479 76.19132739877867
15 4.926722368071532 75.98884120115304
16 12.787042897354553 8.886543443743154
18 -9.952413925718648 73.69291986303583
19 -9.377648987157846 54.17857443564256
21 36.55050224508416 79.32874588504782
22 -4.242947383371005 6.005839428119176
23 -11.950184445446176 32.78150192348836
25 86.61845696418537 39.61863164072117
29 84.85539768259781 15.299548666064894
30 -8.63448584457889 28.946794798028716
34 64.35784227511697 4.715092863116266
42 -13.019834671705244 69.09240906943788
step 44
10 85.92963825893396 74.78542611599055
14 62.97305914838409 76.24551719424976
15 13.23870172485793 76.02559607104392
16 1.8531199513946461 9.092268823214177
18 -8.569082791316355 75.90373850120606
19 -9.601043738143833 61.763244350134755
21 21.627146463960457 79.2627631839774
22 3.8061407137462986 5.854393171239616
23 -11.590325380516544 20.565537516144488
25 87.43005249275215 50.81352406844653
29 85.04998705121565 17.983652967505094
30 -8.886734297470847 37.51110189648345
34 75.84326467986641 4.498990838776033
42 -12.973522201420431 67.52026168244329
step 45
10 85.80068722237104 72.70836353889493
14 72.21611064701905 76.28638918642449
15 24.139260901484704 76.07379742201908
16 -5.751644807124265 9.235354989402339
18 -5.42315234971679 75.94307493029137
19 -9.771209159903941 67.54067891032152
21 6.803312725166464 79.19722051350499
22 13.832019730454622 5.6657529388694945
23 -11.313346460959977 11.163065958149325
25 88.26445374360421 62.32299142756797
29 85.42908349902316 23.212789653894298
30 -9.194347759313544 47.95515467316413
33 84.75877759171868 13.966801644085859
42 -12.86042108466599 63.68087190085403
step 46
10 85.52663475164576 68.92817030059591
14 78.04753819479058 76.31217526596058
15 35.13787496103444 76.12243236339543
16 -8.102546219407158 10.886448914524331
18 -0.1573737429126041 75.96635975803933
19 -9.895416816249224 71.75776131746696
21 -4.161574567109142 79.14873993774921
22 25.453627833958233 5.447088535528312
23 -9.208395887989576 6.7492333665040185
25 89.10512008097014 73.9188774116133
29 85.9451980765503 30.33191115275273
30 -9.433638610975922 56.079526957679846
33 84.93539815842145 16.40304996626807
42 -12.693322829966146 58.008466976604765
step 47
10 85.11970105545596 63.31505540073145
15 47.01196460467113 76.17493858377821
16 -8.276557685118187 16.794463865322797
18 6.712661040886697 75.99673847095302
19 -9.926332542838754 74.68300711445121
21 -10.594641788759784 78.78634644798238
22 38.935978424674445 5.19341364636501
23 -4.089838592841128 6.002958635544746
29 86.606335857778 39.4514369266557
30 -9.605111734558005 61.9013604422929
33 85.27620750552373 21.104066476192585
42 -12.476612949014665 50.65191978794168
44 79.22944995685936 79.51744823123383
step 48
10 84.561561785976 55.616258572031
15 57.97252604601996 76.22340525969445
16 -8.515641264042687 24.91179885244393
18 16.175916305147602 76.03858418555987
19 -7.417993313526699 75.93425391222449
21 -13.15837324923647 73.79531222541773
22 51.9417919559919 4.948704959713044
23 2.5528762951111776 5.877973756119859
29 87.44642124563498 51.039309476632326
30 -9.732663683263414 66.23198783443537
33 85.73601996961202 27.446574401890373
42 -12.192303762009711 41.0006111296131
43 -8.250165328294756 15.898393953708078
44 77.80730585235615 79.51116030841655
step 49
10 83.90827129243642 46.60497580640738
15 68.86554110812857 76.27157325123311
16 -8.804064283949938 34.70430020747676
18 27.266397384307936 76.08762535512906
19 -1.7942505234907697 75.95912162732279
21 -12.913250184780722 65.4742362191873
22 65.10906745830087 4.700958312631273
23 10.999244816325078 5.71905253655695
29 88.33447110574339 63.28878881016997
30 -9.836935180700308 69.7722003329746
33 86.29283722485084 35.12713578362679
39 -1.4905922657066535 5.954052955522006
42 -11.840019402123787 29.041781629314386
43 -8.32345430496495 18.386691883542603
44 74.34804900874703 79.4958654167323
step 50
10 83.14280894911951 36.046429967644286
15 78.31207839832592 76.31334504037224
16 -9.146714124738823 46.33790362549085
18 39.917719696332455 76.14356843265203
19 5.79023181116124 75.99265956689578
21 -12.614168344942511 55.32144734596289
22 74.69888926012715 4.520522641098653
23 20.92386311528182 5.53231755810968
29 89.00693017483744 72.5644768537576
30 -9.94823681473145 73.55109912689825
33 86.96447439496299 44.39148681220525
39 -0.17084421773517722 5.929221459149024
42 -11.521021758332829 18.212920437950793
43 -8.467317838580911 23.271128113102687
44 68.5802416520862 79.47036341073391
step 51
10 82.33246005758788 24.86873325750694
15 83.6131589964358 76.33678597054076
16 -9.446902011893545 56.529844243380325
18 53.127533296155526 76.20198111142606
19 15.31512283713475 76.03477782962926
21 -12.270412566113482 43.65213352774535
22 79.98368042430077 4.486558856632927
23 32.63236845111335 5.312018154578355
29 88.40317209873402 77.73987548957935
30 -7.266083741376025 75.93492564350773
33 87.81916323053305 56.1807947083212
39 3.0632049219416544 5.868371754081934
42 -11.334522933625482 11.881933597083176
43 -8.649821279905288 29.467461530046375
44 61.392534918698686 79.43858340684424
48 -8.250165328294756 15.898393953708078
step 52
10 81.58151793424511 14.510474747734634
15 85.89102478524318 75.36462822135232
16 -9.696642415045348 65.00899835894604
18 65.4784942659677 76.25659601649102
19 27.342164118736186 76.0879603892222
21 -11.918833216438921 31.717236673552215
22 83.93490201995881 6.863398779106609
23 44.79912383032817 5.083096624795219
29 83.84549334301687 79.53785778357206
30 -0.33022740705746756 75.96559541375224
33 88.44209862853515 64.77336887192061
39 8.017469020010013 5.775155635163575
42 -10.288702677498204 7.641924283997126
43 -8.885779428511563 37.4786823081279
44 51.97317303518005 79.39693627676506
48 -8.298006768686584 17.522700397813466
step 53
15 85.76236608647811 72.17977389179907
18 73.97393803034483 76.29416215047931
19 41.10638998565222 76.14882463216261
21 -11.647294433758484 22.499438852935064
22 84.58596232732987 11.583042460347992
23 57.512553653856145 4.843889234387375
29 76.39766382222182 79.50492766275327
30 8.151899226638013 76.00310266051468
31 -3.280000000000001 75.95255176876618
33 88.93622063878712 71.58913184280682
39 14.789698357328373 5.647733898503229
42 -5.36066630020111 6.026869679515979
43 -9.186180338567219 47.67785545220998
44 41.10578384590466 79.34888678288387
48 -8.392138860496747 20.71866109782804
step 54
15 85.39183043399998 67.06872211277462
18 84.07283483195785 76.33881861821725
19 54.59359671122903 76.20846391988357
21 -11.406442465254782 14.323351708221175
22 85.08666625749669 18.489594356038527
23 69.61415564382742 4.61619358718931
29 66.93448277917827 79.4630867889514
30 18.86127930531525 76.05045863368399
31 -1.2008013780415068 75.96174580926449
33 88.81949701050223 76.96047652685047
39 23.305727717433125 5.487501987198122
42 1.8463711527439965 5.891266884234085
43 -9.555104356976994 60.20351637672154
44 28.462461133275163 79.29298510799788
48 -8.529846566049455 25.394095443037422
49 -8.250165328294756 15.898393953708078
step 55
15 84.9076007757354 60.38941112130184
19 68.13043128289354 76.2683226577436
21 -10.541497254852214 8.046395607763541
22 85.69904143985991 26.936504239920303
29 55.74115420601541 79.41359617410187
30 31.551580655482425 76.10657407321773
31 2.828924440154804 75.97956491609646
33 84.99396038959448 79.44811262465434
39 34.364952571565325 5.2794190108485965
42 11.523170897522014 5.7091946939142195
43 -9.821982154199343 69.26451709631888
44 14.185509669354857 79.22986044391713
48 -8.73134425643188 32.23531916623534
49 -8.299848477711624 17.585229866262562
step 56
15 84.29138556805084 51.889533140777075
19 82.2565915921155 76.33078734418429
21 -4.77856129124449 6.015917181089617
22 86.42866115594346 37.000648197350564
29 43.074335402218296 79.3575906126918
30 46.10323677054976 76.1709202661338
31 8.386709766024724 76.0041409728653
33 80.08903843364693 79.52124884889244
39 45.22320871747364 5.075117327267046
42 23.119963754511584 5.490997197650304
43 -9.958436689544056 73.89740396746103
44 -0.6240969513062424 79.16438067777379
48 -9.003177883014438 41.464579568228174
49 -8.404322588143339 21.132321455198188
step 57
15 83.53511511457137 41.45777732772978
21 3.3379277643544825 5.863202752865804
22 87.28850315042675 48.86103714020215
29 30.681741651420957 79.30279752051206
30 62.14234878341603 76.24184386325713
31 16.042603358794004 76.03799468698345
33 73.34326475435238 79.49142282486018
39 55.84856546968504 4.875197722870038
42 34.3633098913611 5.279449918420383
43 -8.100539593921457 75.93123575028572
48 -9.321345368861325 52.26696121337193
49 -8.559930775216168 26.415510651590672
step 58
15 82.67941841856239 29.6545673229911
21 12.888625251439318 5.683503218265601
22 88.26641907236913 62.35010055192112
29 18.144617381764462 79.2473653955195
30 77.07194789972593 76.30786128816747
31 25.150889897933226 76.07827075990242
33 64.6435893349736 79.45295774428276
39 67.2224334757682 4.661194631466382
42 45.89013178263119 5.062568949037601
43 -3.4933834167270863 75.9516082053402
48 -9.605846249344593 61.926298594057826
49 -8.778642168023334 33.84117179026818
step 59
15 81.86301399745639 18.393342550177444
21 24.780896984092006 5.459746189149488
29 6.381322811561134 79.19535471101844
31 35.7166492588399 76.1249916544017
33 54.61381613258102 79.40861171804549
39 76.44794722883768 4.487613536460893
42 57.61568878543132 4.841948712747982
43 2.748596196431347 75.97920971139493
47 79.22944995685936 79.51744823123383
48 -9.843154521783912 69.98335860324096
49 -9.057346185384283 43.30369481820756
step 60
21 38.37504039158995 5.203967881133847
29 -2.5795218177391774 79.155734886819
31 48.78923242004122 76.18279751177974
33 42.53007706630684 79.3551842078851
39 81.16128772523359 4.627168683609982
42 66.57273410370887 4.673418940208962
43 11.271553432777717 76.01689750762985
47 77.85590584447023 79.51137519029692
48 -9.947953818907711 74.48841562983061
49 -9.377473453349369 54.17261473430558
step 61
21 50.44751090467757 4.976820352316171
29 -8.028580583537448 79.13164220813921
31 61.70444452729476 76.23990748766384
33 30.038802680417447 79.29995480533776
39 84.09599332658608 7.5262018293964035
42 71.69738464845766 4.576996943896615
43 22.13678181311372 76.06494262881122
47 74.98803186271624 79.49869506161667
48 -7.444832297493718 75.93413523250678
49 -9.602064375815493 61.797896909371985
step 62
21 59.43520828042928 4.807713851169623
29 -12.351662837160783 77.36209003496863
31 74.16354639931878 76.29500058265445
33 16.92038889968022 79.24195254447179
39 84.56236873158349 11.257599851231543
42 76.24519342806394 4.491428416336079
43 34.52139053115766 76.11970632137376
47 70.35396383321793 79.47820581442488
48 -1.5346745292267983 75.96026945042081
49 -9.77295627553108 67.59999675586535
step 63
21 66.07042901981912 4.682869976630581
29 -13.102620546398125 71.90270175687326
31 82.12264827134278 76.3301950581455
33 5.690388391567723 79.19229978691408
39 84.96709365403107 16.84024762360331
42 81.27781259086987 4.641082100402373
43 47.082823663582424 76.17525191654518
47 63.50495560767385 79.44792334518652
48 6.303081324993048 75.99492734408162
49 -9.941425980448855 73.31985855545337
step 64
21 72.26757431618086 4.566268636559663
29 -12.86963614977249 63.99369133024471
31 85.50204708183557 75.98643256502426
33 -7.506104128133032 79.13395230569897
39 85.53235033389592 24.637219763549687
42 84.33431444849282 8.6235874605018
43 59.921803446946804 76.23202479953892
47 54.308145350970264 79.40726021345733
48 15.49312575724448 76.03556494349084
49 -7.954425381570704 75.93188185497796
step 65
29 -12.56603397220626 53.687452703557916
31 85.81394536806324 72.8912422137903
39 86.22118647340467 34.13880794473142
42 84.72811479973375 13.543848774432618
43 69.29905020321881 76.27349019179594
47 42.56386133741625 79.35533358296496
48 26.297007261469737 76.08333879397328
49 -2.596621199226232 75.95557361203967
step 66
29 -12.217571542635518 41.85836445267521
31 85.4667517421395 68.10216297789053
39 87.00521612171967 44.95346532527842
41 -3.280000000000001 75.95255176876618
42 85.2021658757362 20.082759616470767
43 76.32830806580257 76.30457297570081
47 29.921803317240595 79.29943749983899
48 39.40677682775859 76.14130908649031
49 4.485339097600562 75.98688944165247
step 67
29 -11.855084626614971 29.55319363503658
31 85.00468726952748 61.728591557777044
39 87.7494594395208 55.219322626821736
41 -1.3792230390664209 75.960956843766
42 85.78628756996531 28.13994980718467
47 17.886329733740183 79.24622339254645
48 52.9566805989987 76.20122561524579
49 13.51483007026978 76.02681708723912
step 68
29 -11.546758651361504 19.086598496485664
31 84.43551388139049 53.87759358077996
39 88.547194033834 66.22302170459037
41 3.0226199459331102 75.98042142124497
42 86.52303462862406 38.30240607735762
47 5.31485064788275 79.19063936984398
48 67.93535407156229 76.26746004280997
49 24.12806236453998 76.07374790303561
step 69
29 -11.315439533038335 11.234118479825362
31 83.71475174606178 43.93562829515112
41 9.081481074197216 76.0072131928432
42 87.42735994305336 50.776383888180185
47 -3.71168626532301 79.15072909124574
48 83.09831239318439 76.33450936239437
49 37.138344716417876 76.13127827150272
step 70
29 -9.628839262896786 7.004399000930463
31 82.8428493092335 31.908881419153403
41 16.470351589801716 76.03988615349245
42 88.28370671496528 62.58856083463684
47 -8.465102729709663 79.12056923074299
49 52.5068504730311 76.19923650446444
step 71
29 -5.111470191943511 6.022180972252595
31 81.89778395493587 18.872948363662843
41 25.8655992063973 76.08143114403174
47 -12.456070408733618 77.17937678471617
49 66.84592738420093 76.26264269011564
step 72
29 1.6224516199243109 5.895480004363793
41 37.50543707528151 76.13290152287388
47 -13.10510962108454 71.9871971906132
49 77.55853535809715 76.31001293676466
step 73
29 10.190576106555948 5.734267906009052
41 48.809628155856636 76.18288769999894
47 -12.885388787786125 64.52843863564877
49 83.77114333199337 76.33748456391413
step 74
29 20.317329522898923 5.543729688419323
41 60.0680099316477 76.23267131225168
47 -12.600703329920535 54.86435688949493
49 85.91722192073618 74.31580636771263
step 75
29 32.196425670615184 5.320220562295045
41 70.58275690679794 76.27916663429451
47 -12.267334176492842 43.54763290040937
49 85.49276871242662 68.46103285014576
step 76
29 44.261023337457516 5.0932211636854685
41 78.90678250692498 76.31597477165487
47 -11.889035677318917 30.705713794761955
49 84.88930532965244 60.137049515542714
step 77
29 56.51973584467275 4.862569430100233
41 83.25152105627114 76.33518683814788
47 -11.547988960412283 19.128363212284363
49 84.11691957520179 49.48300432994144
step 78
29 68.5260955790801 4.636665797466785
41 85.5202299639283 75.97524309912104
47 -11.308823686322535 11.00953348008263
49 83.22804165388571 37.22210298159836
step 79
41 85.82152594662057 72.99580632054317
47 -9.50442283641272 6.928891100719444
49 82.28657416999083 24.23579781427358
step 80
41 85.41636262189597 67.40711136560518
47 -4.069736927586077 6.002580416059111
49 81.66012133330118 15.594705212188032
step 81
41 84.82605849364114 59.26464263228792
47 3.914424037736657 5.852355784655826
49 81.24919135027977 9.92646679375386
step 82
41 84.10145862688347 49.26974089124312
47 13.411188634681615 5.673671015235955
49 78.65048640099862 7.647300952733824
step 83
41 83.30978221365898 38.349606450302474
47 24.57102324888071 5.463695032947889
49 72.50104354856887 7.763004755532154
step 84
41 82.45025997889938 26.493628172102717
47 37.007598064142485 5.229696761162476
49 64.45640604226884 7.914367273072293
step 85
41 81.6789715987947 15.854719821690352
47 49.274286391352604 4.998894959883958
49 54.83106262578243 8.095471295542769
step 86
41 81.23307521138297 9.704165863118433
47 61.59623218917811 4.767053471005011
49 43.15146766362365 8.315226740823805
step 87
41 79.98813607869023 7.6799266959630135
47 73.36603619652006 4.545600712678716
49 30.161002058654837 8.559646651161199
step 88
41 77.15017784163476 7.67552975489607
49 15.68696695410057 8.831980412710303
step 89
41 71.86902658121714 7.774896363977099
49 0.2595024554314165 9.122253263904774
step 90
41 64.60875308651642 7.911500813006311
step 91
41 54.84451976995268 8.095218094920751
step 92
41 43.19175408472257 8.314468738475604
step 93
41 31.56128520593544 8.533299860236754
step 94
41 19.706735614648466 8.756347134776648
step 95
41 7.963915397820529 8.977292184152505
step 96
41 -1.0559171655808797 9.147003319491766
step 97
41 -6.067315131047792 9.241294431037137
step 98
41 -8.020956124501144 10.325736747006866
step 99
41 -8.159385449795874 12.816247169807527
step 100
41 -8.298750990037796 17.54796810561479
step 101
41 -8.481708625993106 23.75972228037558
step 102
41 -8.728089760213143 32.124822928306095
step 103
41 -9.027454108763209 42.28880286918512
step 104
41 -9.378598524791196 54.21081301550427
step 105
41 -9.70643096996837 65.34133811940738
