0 0.16213347754075264 0 5
1 0.08219838827188496 1 5
2 0.05524511325019904 1 20
3 0.041672917505869655 1 20
4 0.03348745118746725 0 5
5 0.028008153146056536 1 5
6 0.02408111649281529 1 20
7 0.021127324877792196 0 20
8 0.018824135424222826 1 10
9 0.016977459292769146 0 15
10 0.015463502410077042 0 5
11 0.014199566196927476 0 5
12 0.013128291540941526 1 10
13 0.012208638175909042 1 5
14 0.01141046291841322 0 20
15 0.010711125671220558 1 10
16 0.010093290076875804 1 10
17 0.00954345528112102 0 20
18 0.009050950065702992 1 5
19 0.0086072278963263 1 5
20 0.00820536281597011 0 15
21 0.00783968242972679 0 15
22 0.007505496357521686 1 10
23 0.007198892377140333 1 15
24 0.0069165813503946644 1 20
25 0.006655777830692455 0 20
26 0.0064141071240939864 0 20
27 0.006189532206894711 1 10
28 0.005980295718738419 1 15
29 0.005784873522458844 0 20
30 0.005601937225388974 0 10
31 0.005430323706778211 1 15
32 0.005269010168949877 1 5
33 0.005117093577859427 1 5
34 0.004973773617420685 1 20
35 0.004838338476122438 0 10
36 0.004710152931477433 0 5
37 0.004588648310112868 0 10
38 0.004473313987721292 1 15
39 0.004363690160096621 1 20
40 0.004259361668806128 1 5
41 0.004159952706184751 1 10
42 0.004065122256880888 0 20
43 0.003974560159082404 0 20
44 0.0038879836892815023 1 10
45 0.003805134591119324 1 20
46 0.0037257764823452294 1 20
47 0.003649692584894809 1 5
48 0.0035766837320489924 1 20
49 0.0035065666139857954 0 10
50 0.00343917222909105 0 10
51 0.0033743445134034647 0 15
52 0.0033119391247295278 0 5
53 0.003251822361431929 0 5
54 0.0031938701987970284 1 5
55 0.0031379674283232963 1 10
56 0.0030840068873251476 1 5
57 0.0030318887679812727 0 15
58 0.002981519996427127 1 5
59 0.002932813673741741 0 10
60 0.002885688571745306 1 10
61 0.002840068677435902 1 15
62 0.002795882780675578 1 15
63 0.002753064100408149 1 20
64 0.0027115499452703457 0 5
65 0.002671281404958395 1 20
66 0.002632203069145481 1 20
67 0.0025942627711216214 0 15
68 0.0025574113536547113 0 15
69 0.0025216024548566245 0 20
70 0.002486792312087403 0 10
71 0.0024529395821485944 0 20
72 0.0024200051762080085 0 5
73 0.002387952108066169 0 20
74 0.0023567453545226295 1 10
75 0.0023263517267307202 1 10
76 0.002296739751544508 0 20
77 0.002267879561963671 1 20
78 0.0022397427958723484 0 15
79 0.002212302502348219 0 10
80 0.002185533054889386 0 15
81 0.002159410070970126 0 5
82 0.0021339103373932172 1 15
83 0.0021090117409571073 0 20
84 0.0020846932040014332 1 10
85 0.0020609346244349074 0 5
86 0.0020377168198859 0 20
87 0.0020150214756486846 0 5
88 0.0019928310961276267 1 10
89 0.0019711289595079956 1 5
90 0.0019498990754058853 0 20
91 0.0019291261452711974 0 20
92 0.0019087955253370252 0 20
93 0.001888893191926347 1 20
94 0.0018694057089428016 0 15
95 0.0018503201973867338 1 15
96 0.0018316243067507524 0 10
97 0.0018133061881609282 0 15
98 0.001795354469140532 0 15
99 0.0017777582298830604 1 10
100 0.0017605069809302223 1 5
101 0.0017435906421587382 1 15
102 0.001726999522987253 1 10
103 0.0017107243037214584 0 5
104 0.001694756017961757 0 10
105 0.0016790860360034983 0 10
106 0.0016637060491650224 0 15
107 0.0016486080549835513 1 15
108 0.0016337843432233416 1 15
109 0.001619227482644556 1 5
110 0.0016049303084850113 1 10
111 0.0015908859106103725 1 10
112 0.0015770876222914985 0 15
113 0.001563529009570537 0 20
114 0.0015502038611800318 0 20
115 0.0015371061789817618 0 10
116 0.0015242301688943043 1 5
117 0.00151157023228041 1 5
118 0.001499120957767218 0 5
119 0.0014868771134741302 1 15
120 0.001474833639624828 1 5
121 0.0014629856415214514 1 15
122 0.0014513283828603866 0 5
123 0.0014398572793704314 1 5
124 0.0014285678927553362 0 5
125 0.0014174559249238547 1 5
126 0.0014065172124915057 0 10
127 0.0013957477215392259 0 20
128 0.0013851435426150108 0 5
129 0.0013747008859655006 1 10
130 0.0013644160769852535 0 10
131 0.0013542855518721964 0 20
132 0.001344305853478434 1 15
133 0.001334473627346235 1 20
134 0.001324785617919623 1 5
135 0.0013152386649225595 0 15
136 0.0013058296998952272 0 5
137 0.0012965557428804228 0 15
138 0.0012874138992525108 1 20
139 0.0012784013566818418 1 15
140 0.0012695153822279196 1 5
141 0.0012607533195549935 0 15
142 0.0012521125862640949 1 5
143 0.00124359067133588 1 10
144 0.0012351851326789381 1 15
145 0.001226893594778525 1 10
146 0.0012187137464409554 0 15
147 0.0012106433386291381 0 10
148 0.0012026801823849876 1 5
149 0.0011948221468346665 1 5
150 0.0011870671572728325 1 5
151 0.0011794131933222586 1 10
152 0.0011718582871653896 1 15
153 0.001164400521844575 0 15
154 0.0011570380296278828 0 15
155 0.0011497689904375616 1 10
156 0.0011425916303383651 1 5
157 0.0011355042200830957 0 10
158 0.0011285050737128506 0 5
159 0.00112159254720959 0 20
160 0.0011147650371987547 0 15
161 0.0011080209796997774 0 5
162 0.001101358848922438 0 5
163 0.0010947771561071093 1 15
164 0.0010882744484070387 1 20
165 0.001081849307810896 0 5
166 0.001075500350103907 1 5
167 0.001069226223865966 0 10
168 0.0010630256095052037 0 10
169 0.0010568972183255512 1 15
170 0.0010508397916269153 0 15
171 0.001044852099836639 0 10
172 0.0010389329416709869 0 5
173 0.0010330811433254497 1 10
174 0.0010272955576927202 0 15
175 0.0010215750636072387 1 10
176 0.0010159185651152666 0 10
177 0.0010103249907694812 1 5
178 0.0010047932929471396 1 20
179 0.0009993224471908943 1 20
180 0.0009939114515713902 1 5
181 0.000988559326070805 1 15
182 0.0009832651119865354 0 15
183 0.0009780278713542637 1 5
184 0.0009728466863896768 1 5
185 0.0009677206589481328 0 15
186 0.0009626489100016078 0 10
187 0.0009576305791322831 0 15
188 0.0009526648240421546 1 20
189 0.000947750820078077 1 10
190 0.0009428877597716807 0 10
191 0.0009380748523936184 1 5
192 0.0009333113235216232 0 15
193 0.0009285964146218829 1 10
194 0.0009239293826432526 0 15
195 0.0009193094996238477 1 20
196 0.0009147360523095807 0 20
197 0.0009102083417842189 1 15
198 0.0009057256831105598 0 5
199 0.0009012874049823356 0 15
