0 81 0 163 0 5
1 81 56 124 1 5
2 81 27 153 1 10
3 81 5 108 1 5
4 81 52 92 0 5
5 81 15 114 1 10
6 81 6 10 1 20
7 81 5 78 1 5
8 81 152 58 1 15
9 81 30 67 0 10
10 81 13 116 1 5
11 81 12 63 1 10
12 81 4 152 0 5
13 81 1 166 1 5
14 81 2 122 1 20
15 81 0 60 0 5
16 81 22 137 1 10
17 81 94 7 0 15
18 81 17 136 0 20
19 82 95 143 1 15
20 82 0 69 0 5
21 82 1 51 1 5
22 82 1 94 1 5
23 82 6 131 1 20
24 82 0 48 0 5
25 82 176 17 0 10
26 82 0 19 0 5
27 82 5 127 1 5
28 82 52 29 0 5
29 82 1 158 1 5
30 82 10 99 0 5
31 82 1 149 1 5
32 82 1 149 1 5
33 83 15 30 1 10
34 83 78 20 0 15
35 83 89 60 1 5
36 83 24 57 1 20
37 83 28 58 1 15
38 83 6 84 1 20
39 83 1 167 1 5
40 83 168 146 0 10
41 83 0 156 0 5
42 83 4 52 0 5
43 83 30 89 0 10
44 83 4 117 0 5
45 83 0 11 0 5
46 83 92 56 0 20
47 83 4 1 0 5
48 84 73 66 0 20
49 84 26 61 0 20
50 84 14 163 0 20
51 84 177 67 1 5
52 84 12 61 1 10
53 84 0 51 0 5
54 84 16 166 1 10
55 84 0 29 0 5
56 84 83 154 0 20
57 84 141 159 0 15
58 84 129 170 1 10
59 84 19 13 1 5
60 84 6 67 1 20
61 84 135 87 0 15
62 84 132 136 1 15
63 84 0 104 0 5
64 84 21 164 0 15
65 84 9 29 0 15
66 84 11 87 0 5
67 85 19 91 1 5
68 85 1 152 1 5
69 85 5 18 1 5
70 85 19 82 1 5
71 85 137 135 0 15
72 85 158 74 0 5
73 85 103 60 0 5
74 85 84 59 1 10
75 85 36 97 0 5
76 85 16 5 1 10
77 85 15 68 1 10
78 85 34 118 1 20
79 85 0 159 0 5
80 85 29 137 0 20
81 85 69 92 0 20
82 85 38 72 1 15
83 85 50 73 0 10
84 85 9 59 0 15
85 85 35 91 0 10
86 86 37 38 0 10
87 86 65 170 1 20
88 86 1 146 1 5
89 86 183 87 1 5
90 86 0 67 0 5
91 86 16 31 1 10
92 86 96 113 0 10
93 86 1 158 1 5
94 86 12 104 1 10
95 86 4 158 0 5
96 86 37 2 0 10
97 86 10 65 0 5
98 86 70 6 0 10
99 86 6 21 1 20
100 86 46 48 1 20
101 86 180 29 1 5
102 87 0 78 0 5
103 87 0 100 0 5
104 87 2 21 1 20
105 87 45 0 1 20
106 87 91 10 0 20
107 87 0 99 0 5
108 87 5 51 1 5
109 87 104 166 0 10
110 87 11 62 0 5
111 87 0 48 0 5
112 87 19 115 1 5
113 87 28 91 1 15
114 87 11 29 0 5
115 87 196 12 0 20
116 87 2 153 1 20
117 87 56 115 1 5
118 87 152 54 1 15
119 87 1 69 1 5
120 87 92 29 0 20
121 88 48 67 1 20
122 88 1 58 1 5
123 88 60 97 1 10
124 88 26 79 0 20
125 88 6 74 1 20
126 88 0 96 0 5
127 88 6 85 1 20
128 88 73 137 0 20
129 88 2 61 1 20
130 88 0 115 0 5
131 88 2 5 1 20
132 88 1 115 1 5
133 88 0 112 0 5
134 88 42 149 0 20
135 89 102 97 1 10
136 89 2 164 1 20
137 89 144 60 1 15
138 89 0 22 0 5
139 89 141 145 0 15
140 89 111 18 1 10
141 89 0 116 0 5
142 89 0 134 0 5
143 89 19 162 1 5
144 89 9 30 0 15
145 89 32 159 1 5
146 89 5 95 1 5
147 89 69 86 0 20
148 89 0 69 0 5
149 89 1 143 1 5
150 89 183 48 1 5
151 89 0 117 0 5
152 90 71 94 0 20
153 90 96 115 0 10
154 90 10 104 0 5
155 90 0 151 0 5
156 90 0 18 0 5
157 90 0 60 0 5
158 90 2 59 1 20
159 90 11 122 0 5
160 90 43 29 0 20
161 90 125 100 1 5
162 90 98 100 0 15
163 90 3 141 1 20
164 91 113 136 0 20
165 91 1 152 1 5
166 91 59 137 0 10
167 91 103 59 0 5
168 91 0 128 0 5
169 91 100 116 1 5
170 91 1 154 1 5
171 91 22 145 1 10
172 91 5 84 1 5
173 91 30 126 0 10
174 91 165 29 0 5
175 91 0 0 0 5
176 91 74 63 1 10
177 92 0 137 0 5
178 92 2 61 1 20
179 92 5 130 1 5
180 92 23 84 1 15
181 92 8 45 1 10
182 92 0 158 0 5
183 92 12 154 1 10
184 92 9 94 0 15
185 92 15 145 1 10
186 92 14 61 0 20
187 92 4 117 0 5
188 92 3 63 1 20
189 92 0 161 0 5
190 92 1 141 1 5
191 92 32 124 1 5
192 92 0 43 0 5
193 92 14 141 0 20
194 92 11 75 0 5
195 92 95 124 1 15
196 92 2 130 1 20
197 92 3 12 1 20
198 92 2 156 1 20
199 92 1 152 1 5
200 92 3 1 1 20
201 92 6 43 1 20
202 92 10 118 0 5
203 92 21 156 0 15
204 92 14 30 0 20
205 92 1 61 1 5
206 92 22 135 1 10
207 92 25 136 0 20
208 93 2 130 1 20
209 93 3 27 1 20
210 93 2 163 1 20
211 93 0 87 0 5
212 93 0 130 0 5
213 93 24 62 1 20
214 93 5 123 1 5
215 93 113 67 0 20
216 93 1 152 1 5
217 93 17 61 0 20
218 93 0 127 0 5
219 93 193 122 1 10
220 93 10 61 0 5
221 93 1 58 1 5
222 93 3 67 1 20
223 93 57 128 0 15
224 93 59 104 0 10
225 93 1 10 1 5
226 93 7 10 0 20
227 93 6 75 1 20
228 93 0 63 0 5
229 93 1 82 1 5
230 93 10 30 0 5
231 94 121 30 1 15
232 94 22 153 1 10
233 94 3 29 1 20
234 94 0 106 0 5
235 94 33 0 1 5
236 94 5 21 1 5
237 94 55 141 1 10
238 94 71 39 0 20
239 94 0 165 0 5
240 94 6 154 1 20
241 94 0 163 0 5
242 94 6 67 1 20
243 94 47 19 1 5
244 94 42 131 0 20
245 94 12 165 1 10
246 94 6 137 1 20
247 94 28 45 1 15
248 95 46 160 1 20
249 95 39 61 1 20
250 95 0 151 0 5
251 95 12 16 1 10
252 95 13 124 1 5
253 95 10 52 0 5
254 95 0 104 0 5
255 95 7 75 0 20
256 95 55 93 1 10
257 95 28 96 1 15
258 95 46 108 1 20
259 95 11 141 0 5
260 95 2 94 1 20
261 96 27 125 1 10
262 96 4 29 0 5
263 96 0 106 0 5
264 96 19 126 1 5
265 96 10 166 0 5
266 96 0 132 0 5
267 96 60 166 1 10
268 96 8 159 1 10
269 96 76 67 0 20
270 96 113 59 0 20
271 96 3 20 1 20
272 96 3 125 1 20
273 96 21 117 0 15
274 96 3 80 1 20
275 96 5 48 1 5
276 96 1 91 1 5
277 96 109 114 1 5
278 96 2 20 1 20
279 96 185 132 0 15
280 96 3 124 1 20
281 96 23 151 1 15
282 96 3 147 1 20
283 96 0 138 0 5
284 96 0 67 0 5
285 96 176 149 0 10
286 96 194 83 0 15
287 96 133 69 1 20
288 97 67 87 0 15
289 97 3 112 1 20
290 97 9 96 0 15
291 97 50 10 0 10
292 97 2 54 1 20
293 97 94 162 0 15
294 97 1 109 1 5
295 97 6 124 1 20
296 97 1 157 1 5
297 97 54 115 1 5
298 97 0 112 0 5
299 97 1 6 1 5
300 97 30 129 0 10
301 97 23 59 1 15
302 97 54 156 1 5
303 97 142 111 1 5
304 97 20 143 0 15
305 98 23 117 1 15
306 98 135 4 0 15
307 98 40 60 1 5
308 98 31 151 1 15
309 98 85 63 0 5
310 98 3 57 1 20
311 98 147 29 0 10
312 98 7 19 0 20
313 98 14 134 0 20
314 98 1 7 1 5
315 98 0 21 0 5
316 98 0 84 0 5
317 98 7 122 0 20
318 98 50 97 0 10
319 98 0 133 0 5
320 98 4 20 0 5
321 99 49 100 0 10
322 99 10 135 0 5
323 99 13 91 1 5
324 99 19 106 1 5
325 99 138 137 1 20
326 99 140 108 1 5
327 99 59 162 0 10
328 99 45 132 1 20
329 99 0 157 0 5
330 99 174 128 0 15
331 99 24 130 1 20
332 99 0 128 0 5
333 99 13 142 1 5
334 99 54 57 1 5
335 99 0 63 0 5
336 99 24 163 1 20
337 99 19 56 1 5
338 99 37 130 0 10
339 99 170 68 0 15
340 99 176 31 0 10
341 100 39 13 1 20
342 100 2 10 1 20
343 100 5 129 1 5
344 100 1 60 1 5
345 100 12 131 1 10
346 100 25 103 0 20
347 100 0 84 0 5
348 100 25 125 0 20
349 100 25 129 0 20
350 100 8 73 1 10
351 100 67 12 0 15
352 100 0 29 0 5
353 100 0 96 0 5
354 100 1 48 1 5
355 100 6 63 1 20
356 100 36 102 0 5
357 100 0 93 0 5
358 100 0 72 0 5
359 100 55 129 1 10
360 100 0 56 0 5
361 100 56 73 1 5
362 101 21 38 0 15
363 101 188 80 1 20
364 101 53 94 0 5
365 101 18 108 1 5
366 101 2 134 1 20
367 101 0 12 0 5
368 101 4 11 0 5
369 101 110 58 1 10
370 101 5 17 1 5
371 101 5 145 1 5
372 101 102 126 1 10
373 101 35 130 0 10
374 101 29 133 0 20
375 101 1 66 1 5
376 101 54 122 1 5
377 101 58 43 1 5
378 101 66 133 1 20
379 101 17 97 0 20
380 101 62 155 1 15
381 101 5 81 1 5
382 101 6 15 1 20
383 102 2 119 1 20
384 102 6 126 1 20
385 102 1 117 1 5
386 102 0 54 0 5
387 102 0 127 0 5
388 102 2 21 1 20
389 102 0 22 0 5
390 102 14 162 0 20
391 102 20 94 0 15
392 102 2 100 1 20
393 102 4 145 0 5
394 102 20 60 0 15
395 102 11 12 0 5
396 103 171 157 0 10
397 103 2 129 1 20
398 103 170 75 0 15
399 103 10 63 0 5
400 103 28 94 1 15
401 103 57 119 0 15
402 103 5 22 1 5
403 103 0 75 0 5
404 103 0 24 0 5
405 103 49 111 0 10
406 103 0 13 0 5
407 103 5 119 1 5
408 103 4 127 0 5
409 103 2 0 1 20
410 103 140 70 1 5
411 103 3 112 1 20
412 103 0 75 0 5
413 103 70 6 0 10
414 103 57 133 0 15
415 103 49 70 0 10
416 103 100 166 1 5
417 103 171 87 0 10
418 103 47 141 1 5
419 104 96 58 0 10
420 104 1 13 1 5
421 104 14 5 0 20
422 104 25 157 0 20
423 104 22 138 1 10
424 104 7 78 0 20
425 104 23 12 1 15
426 104 13 159 1 5
427 104 4 112 0 5
428 104 3 154 1 20
429 104 126 89 0 10
430 104 6 63 1 20
431 104 13 91 1 5
432 104 0 155 0 5
433 104 0 154 0 5
434 104 14 15 0 20
435 104 5 108 1 5
436 104 4 25 0 5
437 104 22 117 1 10
438 104 36 41 0 5
439 104 2 4 1 20
440 104 1 134 1 5
441 105 2 81 1 20
442 105 0 22 0 5
443 105 3 157 1 20
444 105 17 153 0 20
445 105 1 113 1 5
446 105 134 151 1 5
447 105 0 51 0 5
448 105 61 69 1 15
449 105 35 17 0 10
450 105 123 166 1 5
451 105 36 119 0 5
452 105 82 97 1 15
453 105 64 62 0 5
454 105 4 158 0 5
455 105 56 160 1 5
456 105 2 61 1 20
457 105 159 51 0 20
458 105 179 145 1 20
459 105 160 81 0 15
460 105 0 113 0 5
461 105 14 134 0 20
462 105 79 17 0 10
463 105 2 11 1 20
464 105 2 109 1 20
465 105 0 132 0 5
466 105 135 170 0 15
467 105 183 170 1 5
468 105 0 103 0 5
469 105 170 60 0 15
470 106 86 12 0 20
471 106 23 118 1 15
472 106 70 61 0 10
473 106 5 22 1 5
474 106 0 130 0 5
475 106 152 58 1 15
476 106 0 25 0 5
477 106 4 20 0 5
478 106 3 41 1 20
479 106 0 165 0 5
480 106 17 154 0 20
481 106 15 118 1 10
482 106 11 133 0 5
483 106 3 135 1 20
484 106 24 109 1 20
485 106 79 127 0 10
486 106 74 61 1 10
487 106 18 155 1 5
488 106 50 166 0 10
489 106 60 129 1 10
490 106 44 135 1 10
491 106 21 20 0 15
492 106 4 138 0 5
493 106 2 112 1 20
494 106 3 146 1 20
495 106 2 165 1 20
496 106 0 126 0 5
497 107 0 154 0 5
498 107 37 108 0 10
499 107 0 103 0 5
500 107 46 102 1 20
501 107 170 144 0 15
502 107 14 57 0 20
503 107 8 45 1 10
504 107 114 159 0 20
505 107 0 64 0 5
506 107 96 129 0 10
507 107 8 85 1 10
508 107 2 58 1 20
509 107 19 106 1 5
510 107 6 45 1 20
511 107 8 119 1 10
512 107 4 162 0 5
513 107 16 85 1 10
514 107 17 97 0 20
515 107 42 19 0 20
516 108 87 113 0 5
517 108 0 68 0 5
518 108 7 4 0 20
519 108 30 63 0 10
520 108 0 72 0 5
521 108 83 95 0 20
522 108 2 61 1 20
523 108 0 17 0 5
524 108 12 109 1 10
525 108 94 145 0 15
526 108 1 118 1 5
527 108 17 165 0 20
528 108 0 118 0 5
529 108 15 152 1 10
530 108 196 144 0 20
531 108 9 129 0 15
532 108 9 22 0 15
533 108 2 70 1 20
534 108 2 117 1 20
535 108 0 162 0 5
536 108 9 78 0 15
537 108 159 80 0 20
538 108 5 95 1 5
539 108 76 6 0 20
540 108 183 131 1 5
541 108 14 57 0 20
542 108 1 158 1 5
543 108 116 56 1 5
544 109 1 143 1 5
545 109 1 149 1 5
546 109 7 118 0 20
547 109 0 89 0 5
548 109 0 15 0 5
549 109 9 124 0 15
550 109 59 114 0 10
551 109 6 102 1 20
552 109 76 63 0 20
553 109 0 132 0 5
554 109 1 130 1 5
555 109 69 134 0 20
556 109 2 134 1 20
557 109 2 144 1 20
558 109 52 102 0 5
559 109 86 152 0 20
560 109 6 154 1 20
561 109 1 102 1 5
562 109 0 100 0 5
563 109 0 24 0 5
564 109 17 100 0 20
565 109 118 137 0 5
566 109 18 78 1 5
567 110 1 63 1 5
568 110 1 136 1 5
569 110 5 86 1 5
570 110 2 61 1 20
571 110 3 67 1 20
572 110 33 143 1 5
573 110 16 164 1 10
574 110 153 155 0 15
575 110 67 58 0 15
576 110 7 138 0 20
577 110 45 12 1 20
578 110 160 51 0 15
579 110 9 63 0 15
580 110 3 97 1 20
581 110 3 61 1 20
582 110 0 138 0 5
583 110 8 96 1 10
584 110 0 64 0 5
585 110 8 6 1 10
586 110 13 157 1 5
587 110 4 149 0 5
588 110 33 5 1 5
589 110 57 113 0 15
590 110 42 170 0 20
591 110 1 58 1 5
592 110 24 146 1 20
593 111 60 123 1 10
594 111 146 151 0 15
595 111 14 84 0 20
596 111 151 146 1 10
597 111 104 25 0 10
598 111 8 4 1 10
599 111 4 38 0 5
600 111 0 12 0 5
601 111 174 72 0 15
602 111 2 112 1 20
603 111 165 130 0 5
604 111 109 127 1 5
605 111 0 92 0 5
606 111 11 54 0 5
607 111 101 124 1 15
608 111 16 164 1 10
609 111 21 51 0 15
610 111 0 12 0 5
611 111 22 5 1 10
612 111 1 74 1 5
613 111 13 170 1 5
614 111 0 12 0 5
615 111 0 117 0 5
616 112 1 41 1 5
617 112 35 66 0 10
618 112 80 142 0 15
619 112 2 72 1 20
620 112 35 52 0 10
621 112 8 70 1 10
622 112 2 63 1 20
623 112 19 127 1 5
624 112 6 123 1 20
625 112 1 102 1 5
626 112 0 100 0 5
627 112 3 170 1 20
628 112 59 103 0 10
629 112 20 60 0 15
630 112 27 105 1 10
631 112 67 164 0 15
632 112 0 138 0 5
633 113 65 147 1 20
634 113 109 139 1 5
635 113 21 117 0 15
636 113 119 51 1 15
637 113 16 93 1 10
638 113 1 96 1 5
639 113 23 124 1 15
640 113 8 39 1 10
641 113 1 61 1 5
642 113 2 108 1 20
643 113 179 93 1 20
644 113 7 153 0 20
645 113 61 126 1 15
646 113 17 79 0 20
647 113 9 39 0 15
648 113 11 96 0 5
649 113 17 4 0 20
650 113 32 130 1 5
651 113 0 125 0 5
652 113 148 122 1 5
653 113 71 156 0 20
654 113 23 70 1 15
655 114 1 141 1 5
656 114 0 6 0 5
657 114 2 108 1 20
658 114 0 24 0 5
659 114 52 65 0 5
660 114 5 149 1 5
661 114 1 138 1 5
662 114 4 119 0 5
663 114 93 144 1 20
664 114 0 21 0 5
665 114 0 54 0 5
666 114 49 64 0 10
667 114 0 96 0 5
668 114 6 157 1 20
669 115 28 135 1 15
670 115 61 95 1 15
671 115 5 94 1 5
672 115 0 92 0 5
673 115 12 137 1 10
674 115 8 111 1 10
675 115 2 6 1 20
676 115 0 24 0 5
677 115 0 144 0 5
678 115 26 143 0 20
679 115 67 124 0 15
680 115 94 109 0 15
681 115 142 20 1 5
682 115 1 69 1 5
683 115 2 58 1 20
684 115 3 141 1 20
685 115 2 22 1 20
686 115 4 64 0 5
687 115 1 85 1 5
688 116 74 105 1 10
689 116 85 87 0 5
690 116 47 86 1 5
691 116 39 97 1 20
692 116 2 51 1 20
693 116 2 122 1 20
694 116 22 165 1 10
695 116 141 95 0 15
696 116 0 69 0 5
697 116 65 17 1 20
698 116 49 72 0 10
699 116 0 131 0 5
700 116 23 68 1 15
701 116 0 134 0 5
702 116 20 17 0 15
703 116 32 72 1 5
704 116 1 113 1 5
705 116 58 74 1 5
706 116 1 168 1 5
707 117 62 94 1 15
708 117 66 136 1 20
709 117 27 19 1 10
710 117 164 144 1 20
711 117 140 130 1 5
712 117 56 87 1 5
713 117 41 13 1 10
714 117 0 133 0 5
715 117 166 56 1 5
716 117 51 81 0 15
717 117 34 51 1 20
718 117 39 95 1 20
719 117 3 170 1 20
720 117 7 108 0 20
721 117 22 146 1 10
722 117 50 85 0 10
723 117 98 153 0 15
724 117 1 132 1 5
725 117 176 139 0 10
726 117 111 159 1 10
727 117 1 19 1 5
728 117 5 128 1 5
729 117 27 31 1 10
730 117 98 17 0 15
731 117 0 154 0 5
732 117 7 170 0 20
733 117 6 153 1 20
734 118 16 126 1 10
735 118 6 68 1 20
736 118 14 157 0 20
737 118 2 66 1 20
738 118 0 89 0 5
739 118 6 170 1 20
740 118 16 93 1 10
741 118 13 87 1 5
742 118 47 63 1 5
743 118 37 126 0 10
744 118 41 147 1 10
745 118 20 158 0 15
746 118 12 20 1 10
747 118 13 134 1 5
748 118 64 12 0 5
749 118 28 86 1 15
750 118 3 41 1 20
751 118 65 127 1 20
752 119 78 60 0 15
753 119 5 138 1 5
754 119 0 126 0 5
755 119 113 112 0 20
756 119 153 138 0 15
757 119 55 123 1 10
758 119 13 137 1 5
759 119 168 141 0 10
760 119 1 147 1 5
761 119 1 67 1 5
762 119 0 87 0 5
763 119 0 146 0 5
764 119 0 134 0 5
765 119 59 93 0 10
766 119 0 134 0 5
767 119 1 69 1 5
768 119 172 41 0 5
769 119 9 115 0 15
770 119 1 31 1 5
771 119 0 75 0 5
772 119 20 124 0 15
773 119 10 93 0 5
774 119 48 165 1 20
775 119 3 125 1 20
776 119 104 102 0 10
777 119 0 96 0 5
778 120 11 41 0 5
779 120 78 69 0 15
780 120 84 95 1 10
781 120 0 138 0 5
782 120 90 155 0 20
783 120 0 51 0 5
784 120 0 124 0 5
785 120 103 62 0 5
786 120 138 159 1 20
787 120 0 20 0 5
788 120 0 20 0 5
789 120 0 136 0 5
790 120 154 144 0 15
791 120 3 24 1 20
792 120 73 136 0 20
793 120 36 110 0 5
794 120 45 139 1 20
795 120 1 133 1 5
796 120 8 114 1 10
797 120 0 67 0 5
798 120 21 158 0 15
799 120 1 100 1 5
800 120 104 106 0 10
801 120 11 143 0 5
802 120 0 112 0 5
803 120 123 66 1 5
804 120 47 138 1 5
805 121 6 75 1 20
806 121 45 96 1 20
807 121 19 106 1 5
808 121 129 86 1 10
809 121 1 69 1 5
810 121 79 75 0 10
811 121 0 19 0 5
812 121 129 142 1 10
813 121 82 134 1 15
814 121 3 124 1 20
815 121 1 94 1 5
816 121 7 43 0 20
817 121 36 160 0 5
818 121 1 72 1 5
819 121 118 158 0 5
820 122 23 93 1 15
821 122 1 111 1 5
822 122 0 161 0 5
823 122 0 96 0 5
824 122 0 66 0 5
825 122 0 142 0 5
826 122 15 123 1 10
827 122 91 17 0 20
828 122 5 142 1 5
829 122 0 106 0 5
830 122 0 144 0 5
831 122 6 97 1 20
832 122 0 100 0 5
833 122 17 153 0 20
834 122 0 69 0 5
835 122 0 130 0 5
836 122 0 161 0 5
837 122 1 146 1 5
838 122 2 123 1 20
839 122 0 49 0 5
840 122 78 68 0 15
841 122 46 150 1 20
842 122 2 24 1 20
843 122 10 20 0 5
844 122 7 66 0 20
845 122 5 106 1 5
846 122 108 75 1 15
847 122 144 127 1 15
848 123 115 115 0 10
849 123 32 43 1 5
850 123 1 12 1 5
851 123 6 170 1 20
852 123 32 168 1 5
853 123 126 165 0 10
854 123 10 31 0 5
855 123 81 97 0 5
856 123 65 17 1 20
857 123 85 111 0 5
858 123 34 97 1 20
859 123 6 54 1 20
860 123 76 92 0 20
861 123 43 114 0 20
862 123 30 68 0 10
863 123 77 134 1 20
864 123 0 89 0 5
865 123 97 97 0 15
866 123 6 17 1 20
867 123 4 127 0 5
868 123 0 126 0 5
869 123 30 108 0 10
870 123 11 81 0 5
871 124 3 135 1 20
872 124 0 75 0 5
873 124 0 126 0 5
874 124 124 132 0 5
875 124 1 126 1 5
876 124 95 21 1 15
877 124 23 118 1 15
878 124 85 151 0 5
879 124 128 49 0 5
880 124 18 102 1 5
881 124 2 119 1 20
882 124 1 68 1 5
883 124 40 132 1 5
884 124 138 66 1 20
885 124 5 142 1 5
886 124 0 75 0 5
887 124 0 64 0 5
888 124 2 134 1 20
889 124 5 62 1 5
890 124 2 100 1 20
891 124 0 105 0 5
892 124 2 139 1 20
893 124 2 69 1 20
894 124 0 142 0 5
895 124 0 165 0 5
896 124 1 94 1 5
897 125 101 72 1 15
898 125 2 51 1 20
899 125 20 86 0 15
900 125 1 111 1 5
901 125 122 123 0 5
902 125 173 170 1 10
903 125 119 31 1 15
904 125 7 74 0 20
905 125 59 168 0 10
906 125 1 130 1 5
907 125 0 127 0 5
908 125 1 74 1 5
909 125 13 170 1 5
910 125 9 49 0 15
911 125 17 154 0 20
912 125 11 111 0 5
913 125 89 51 1 5
914 125 12 56 1 10
915 125 6 124 1 20
916 125 101 137 1 15
917 125 101 127 1 15
918 126 20 170 0 15
919 126 6 89 1 20
920 126 0 130 0 5
921 126 3 114 1 20
922 126 156 133 1 5
923 126 37 87 0 10
924 126 34 143 1 20
925 126 13 67 1 5
926 126 0 154 0 5
927 126 19 111 1 5
928 126 1 137 1 5
929 126 0 165 0 5
930 126 18 103 1 5
931 126 63 147 1 20
932 127 53 82 0 5
933 127 18 86 1 5
934 127 0 84 0 5
935 127 1 41 1 5
936 127 0 117 0 5
937 127 67 69 0 15
938 127 16 92 1 10
939 127 7 49 0 20
940 127 17 135 0 20
941 127 120 74 1 5
942 127 0 130 0 5
943 127 74 159 1 10
944 127 2 21 1 20
945 127 1 43 1 5
946 127 9 100 0 15
947 127 30 138 0 10
948 127 12 154 1 10
949 127 63 158 1 20
950 127 82 123 1 15
951 127 3 168 1 20
952 127 0 161 0 5
953 128 1 131 1 5
954 128 0 137 0 5
955 128 63 105 1 20
956 128 4 149 0 5
957 128 199 138 0 15
958 128 34 146 1 20
959 128 55 84 1 10
960 128 0 157 0 5
961 128 1 130 1 5
962 128 2 67 1 20
963 128 197 66 1 15
964 128 2 69 1 20
965 128 37 160 0 10
966 128 1 22 1 5
967 128 12 146 1 10
968 128 29 170 0 20
969 128 0 100 0 5
970 128 2 114 1 20
971 128 46 67 1 20
972 128 3 155 1 20
973 128 0 81 0 5
974 128 3 54 1 20
975 128 20 117 0 15
976 128 31 102 1 15
977 129 1 113 1 5
978 129 4 124 0 5
979 129 15 151 1 10
980 129 2 19 1 20
981 129 0 117 0 5
982 129 6 124 1 20
983 129 61 56 1 15
984 129 34 151 1 20
985 129 195 118 1 20
986 129 15 69 1 10
987 129 55 119 1 10
988 129 5 133 1 5
989 129 40 136 1 5
990 129 39 137 1 20
991 129 1 168 1 5
992 129 0 56 0 5
993 129 3 82 1 20
994 129 3 102 1 20
995 129 46 24 1 20
996 129 14 143 0 20
997 129 38 164 1 15
998 129 1 154 1 5
999 129 70 165 0 10
1000 129 0 133 0 5
1001 130 52 72 0 5
1002 130 94 112 0 15
1003 130 134 164 1 5
1004 130 0 139 0 5
1005 130 127 114 0 20
1006 130 80 20 0 15
1007 130 62 142 1 15
1008 130 1 82 1 5
1009 130 11 103 0 5
1010 130 76 115 0 20
1011 130 35 17 0 10
1012 130 156 168 1 5
1013 130 145 125 1 10
1014 130 165 63 0 5
1015 130 26 123 0 20
1016 130 4 155 0 5
1017 130 95 24 1 15
1018 130 25 118 0 20
1019 130 52 20 0 5
1020 130 50 130 0 10
1021 130 1 147 1 5
1022 131 30 108 0 10
1023 131 67 119 0 15
1024 131 14 108 0 20
1025 131 0 134 0 5
1026 131 0 86 0 5
1027 131 4 170 0 5
1028 131 6 137 1 20
1029 131 1 82 1 5
1030 131 142 125 1 5
1031 131 20 19 0 15
1032 131 162 114 0 5
1033 132 8 118 1 10
1034 132 0 115 0 5
1035 132 10 92 0 5
1036 132 1 19 1 5
1037 132 0 96 0 5
1038 132 34 139 1 20
1039 132 12 154 1 10
1040 132 88 168 1 10
1041 132 4 165 0 5
1042 133 190 74 0 10
1043 133 32 93 1 5
1044 133 0 157 0 5
1045 133 174 147 0 15
1046 133 1 72 1 5
1047 133 1 137 1 5
1048 133 7 24 0 20
1049 133 10 103 0 5
1050 133 1 159 1 5
1051 133 144 113 1 15
1052 133 1 105 1 5
1053 133 7 96 0 20
1054 133 9 170 0 15
1055 133 51 94 0 15
1056 133 14 68 0 20
1057 133 20 125 0 15
1058 134 10 119 0 5
1059 134 24 171 1 20
1060 134 0 92 0 5
1061 134 0 84 0 5
1062 134 147 115 0 10
1063 134 6 74 1 20
1064 134 167 63 0 10
1065 134 50 22 0 10
1066 134 6 123 1 20
1067 134 116 130 1 5
1068 134 178 72 1 20
1069 134 40 135 1 5
1070 134 1 102 1 5
1071 134 38 89 1 15
1072 134 6 49 1 20
1073 134 13 94 1 5
1074 134 22 122 1 10
1075 134 12 51 1 10
1076 134 77 130 1 20
1077 134 105 119 0 10
1078 134 1 138 1 5
1079 135 191 51 1 5
1080 135 7 138 0 20
1081 135 45 74 1 20
1082 135 123 159 1 5
1083 135 109 63 1 5
1084 135 0 133 0 5
1085 135 46 51 1 20
1086 135 26 170 0 20
1087 135 0 22 0 5
1088 135 11 115 0 5
1089 135 152 49 1 15
1090 135 0 100 0 5
1091 135 162 19 0 5
1092 135 173 68 1 10
1093 135 0 24 0 5
1094 135 3 59 1 20
1095 135 0 150 0 5
1096 135 2 68 1 20
1097 135 12 151 1 10
1098 135 0 170 0 5
1099 135 147 125 0 10
1100 136 138 159 1 20
1101 136 20 87 0 15
1102 136 0 126 0 5
1103 136 0 126 0 5
1104 136 1 138 1 5
1105 136 0 132 0 5
1106 136 15 146 1 10
1107 136 5 62 1 5
1108 136 16 87 1 10
1109 136 0 64 0 5
1110 136 19 112 1 5
1111 136 63 89 1 20
1112 136 19 157 1 5
1113 136 2 74 1 20
1114 136 7 96 0 20
1115 136 15 43 1 10
1116 137 4 22 0 5
1117 137 0 63 0 5
1118 137 2 171 1 20
1119 137 0 69 0 5
1120 137 80 143 0 15
1121 137 39 114 1 20
1122 137 140 113 1 5
1123 137 37 68 0 10
1124 137 0 155 0 5
1125 137 142 115 1 5
1126 137 33 20 1 5
1127 137 57 137 0 15
1128 137 65 21 1 20
1129 137 3 147 1 20
1130 137 2 119 1 20
1131 138 26 56 0 20
1132 138 177 167 1 5
1133 138 3 43 1 20
1134 138 1 126 1 5
1135 138 12 20 1 10
1136 138 8 93 1 10
1137 138 15 105 1 10
1138 138 37 123 0 10
1139 138 37 86 0 10
1140 138 11 118 0 5
1141 138 144 160 1 15
1142 138 58 20 1 5
1143 138 0 138 0 5
1144 138 0 75 0 5
1145 138 20 87 0 15
1146 138 78 108 0 15
1147 139 2 124 1 20
1148 139 12 146 1 10
1149 139 0 64 0 5
1150 139 13 66 1 5
1151 139 0 72 0 5
1152 139 3 167 1 20
1153 139 104 136 0 10
1154 139 13 134 1 5
1155 139 4 112 0 5
1156 139 4 138 0 5
1157 139 1 137 1 5
1158 139 0 124 0 5
1159 139 21 117 0 15
1160 139 13 127 1 5
1161 139 2 130 1 20
1162 139 0 165 0 5
1163 139 13 139 1 5
1164 139 10 143 0 5
1165 139 0 93 0 5
1166 139 3 165 1 20
1167 139 155 130 1 10
1168 139 0 100 0 5
1169 140 16 170 1 10
1170 140 2 114 1 20
1171 140 116 102 1 5
1172 140 95 155 1 15
1173 140 59 21 0 10
1174 140 11 43 0 5
1175 140 83 133 0 20
1176 140 27 139 1 10
1177 140 154 123 0 15
1178 140 58 171 1 5
1179 140 9 171 0 15
1180 140 1 157 1 5
1181 140 2 69 1 20
1182 140 1 113 1 5
1183 140 9 17 0 15
1184 141 170 21 0 15
1185 141 16 21 1 10
1186 141 0 100 0 5
1187 141 6 43 1 20
1188 141 164 150 1 20
1189 141 8 82 1 10
1190 141 2 100 1 20
1191 141 10 130 0 5
1192 141 7 160 0 20
1193 141 0 43 0 5
1194 141 126 94 0 10
1195 141 13 164 1 5
1196 142 70 151 0 10
1197 142 145 89 1 10
1198 142 74 92 1 10
1199 142 1 89 1 5
1200 142 73 155 0 20
1201 142 8 93 1 10
1202 142 66 95 1 20
1203 142 2 105 1 20
1204 142 37 74 0 10
1205 142 7 21 0 20
1206 142 101 43 1 15
1207 142 29 136 0 20
1208 142 96 122 0 10
1209 142 2 59 1 20
1210 142 6 22 1 20
1211 142 1 154 1 5
1212 142 109 111 1 5
1213 142 3 63 1 20
1214 142 0 100 0 5
1215 142 3 75 1 20
1216 142 6 74 1 20
1217 143 4 138 0 5
1218 143 1 115 1 5
1219 143 0 63 0 5
1220 143 190 113 0 10
1221 143 3 147 1 20
1222 143 98 114 0 15
1223 143 151 127 1 10
1224 143 0 86 0 5
1225 143 6 64 1 20
1226 143 25 122 0 20
1227 143 1 105 1 5
1228 143 105 105 0 10
1229 143 8 144 1 10
1230 143 0 115 0 5
1231 143 44 112 1 10
1232 143 35 112 0 10
1233 143 102 167 1 10
1234 143 2 160 1 20
1235 143 0 84 0 5
1236 143 38 144 1 15
1237 143 1 89 1 5
1238 144 188 19 1 20
1239 144 56 124 1 5
1240 144 26 157 0 20
1241 144 0 92 0 5
1242 144 0 94 0 5
1243 144 98 64 0 15
1244 144 9 124 0 15
1245 144 3 154 1 20
1246 144 182 137 0 15
1247 144 168 127 0 10
1248 144 4 117 0 5
1249 144 153 117 0 15
1250 144 48 96 1 20
1251 144 10 132 0 5
1252 144 131 171 0 20
1253 144 3 102 1 20
1254 144 0 115 0 5
1255 144 74 151 1 10
1256 144 0 118 0 5
1257 144 12 160 1 10
1258 144 6 154 1 20
1259 145 1 74 1 5
1260 145 46 144 1 20
1261 145 48 149 1 20
1262 145 15 86 1 10
1263 145 22 100 1 10
1264 145 191 63 1 5
1265 145 13 93 1 5
1266 145 1 143 1 5
1267 145 0 133 0 5
1268 145 20 170 0 15
1269 145 19 74 1 5
1270 145 4 143 0 5
1271 145 0 112 0 5
1272 145 8 100 1 10
1273 145 1 130 1 5
1274 145 11 22 0 5
1275 145 0 132 0 5
1276 145 11 19 0 5
1277 145 1 102 1 5
1278 145 7 94 0 20
1279 145 142 89 1 5
1280 145 122 171 0 5
1281 146 33 117 1 5
1282 146 41 131 1 10
1283 146 23 149 1 15
1284 146 0 115 0 5
1285 146 0 75 0 5
1286 146 1 118 1 5
1287 146 68 139 0 15
1288 146 11 155 0 5
1289 146 79 84 0 10
1290 146 7 115 0 20
1291 146 29 69 0 20
1292 147 43 125 0 20
1293 147 7 149 0 20
1294 147 6 74 1 20
1295 147 70 165 0 10
1296 147 52 114 0 5
1297 147 0 92 0 5
1298 147 1 171 1 5
1299 147 15 151 1 10
1300 147 9 75 0 15
1301 147 0 66 0 5
1302 147 0 127 0 5
1303 147 0 112 0 5
1304 147 188 136 1 20
1305 147 1 74 1 5
1306 147 6 102 1 20
1307 147 2 130 1 20
1308 147 1 133 1 5
1309 147 27 151 1 10
1310 147 139 155 1 15
1311 147 31 161 1 15
1312 147 0 20 0 5
1313 147 153 93 0 15
1314 148 0 154 0 5
1315 148 61 114 1 15
1316 148 15 86 1 10
1317 148 55 167 1 10
1318 148 4 63 0 5
1319 148 3 165 1 20
1320 148 0 100 0 5
1321 148 0 113 0 5
1322 148 19 135 1 5
1323 148 2 69 1 20
1324 148 0 84 0 5
1325 148 75 118 1 10
1326 148 0 126 0 5
1327 148 27 87 1 10
1328 148 62 94 1 15
1329 148 36 102 0 5
1330 148 43 93 0 20
1331 148 9 170 0 15
1332 148 0 117 0 5
1333 148 0 86 0 5
1334 148 0 161 0 5
1335 148 13 93 1 5
1336 148 2 119 1 20
1337 148 0 139 0 5
1338 149 1 136 1 5
1339 149 34 137 1 20
1340 149 177 115 1 5
1341 149 1 43 1 5
1342 149 1 149 1 5
1343 149 5 97 1 5
1344 149 32 86 1 5
1345 149 1 126 1 5
1346 149 5 93 1 5
1347 149 0 86 0 5
1348 149 7 138 0 20
1349 149 8 45 1 10
1350 149 55 167 1 10
1351 149 18 63 1 5
1352 149 13 105 1 5
1353 149 41 45 1 10
1354 149 103 170 0 5
1355 150 33 138 1 5
1356 150 95 135 1 15
1357 150 0 105 0 5
1358 150 24 117 1 20
1359 150 13 155 1 5
1360 150 171 49 0 10
1361 150 191 94 1 5
1362 150 3 171 1 20
1363 150 16 114 1 10
1364 150 2 136 1 20
1365 150 3 171 1 20
1366 150 33 167 1 5
1367 150 34 82 1 20
1368 150 132 95 1 15
1369 150 28 118 1 15
1370 151 2 171 1 20
1371 151 37 63 0 10
1372 151 87 150 0 5
1373 151 82 138 1 15
1374 151 137 54 0 15
1375 151 162 115 0 5
1376 151 61 155 1 15
1377 151 22 17 1 10
1378 151 101 63 1 15
1379 151 38 82 1 15
1380 151 0 17 0 5
1381 151 180 157 1 5
1382 151 12 45 1 10
1383 151 22 151 1 10
1384 151 17 136 0 20
1385 151 31 125 1 15
1386 151 3 149 1 20
1387 151 3 114 1 20
1388 151 15 100 1 10
1389 151 10 160 0 5
1390 152 0 147 0 5
1391 152 27 92 1 10
1392 152 5 123 1 5
1393 152 118 68 0 5
1394 152 3 154 1 20
1395 152 18 112 1 5
1396 152 148 171 1 5
1397 152 1 112 1 5
1398 152 140 168 1 5
1399 152 1 147 1 5
1400 152 4 157 0 5
1401 152 55 151 1 10
1402 152 113 150 0 20
1403 152 0 115 0 5
1404 152 17 43 0 20
1405 152 15 130 1 10
1406 152 66 93 1 20
1407 153 35 147 0 10
1408 153 126 112 0 10
1409 153 58 164 1 5
1410 153 1 93 1 5
1411 153 2 89 1 20
1412 153 96 127 0 10
1413 153 106 136 0 15
1414 153 1 102 1 5
1415 153 17 164 0 20
1416 153 0 144 0 5
1417 153 93 124 1 20
1418 153 29 147 0 20
1419 153 0 154 0 5
1420 153 27 64 1 10
1421 153 2 74 1 20
1422 153 3 126 1 20
1423 153 0 93 0 5
1424 153 50 20 0 10
1425 153 6 118 1 20
1426 153 0 74 0 5
1427 153 39 130 1 20
1428 153 1 74 1 5
1429 153 0 155 0 5
1430 154 1 105 1 5
1431 154 1 147 1 5
1432 154 184 125 1 5
1433 154 59 151 0 10
1434 154 3 94 1 20
1435 154 1 167 1 5
1436 154 8 93 1 10
1437 154 11 167 0 5
1438 154 4 130 0 5
1439 154 23 134 1 15
1440 154 0 84 0 5
1441 154 0 105 0 5
1442 154 36 74 0 5
1443 154 75 139 1 10
1444 154 3 143 1 20
1445 154 22 127 1 10
1446 154 91 160 0 20
1447 154 1 154 1 5
1448 154 28 164 1 15
1449 154 0 89 0 5
1450 154 0 127 0 5
1451 154 30 92 0 10
1452 154 104 150 0 10
1453 154 0 136 0 5
1454 154 132 138 1 15
1455 154 159 68 0 20
1456 154 14 84 0 20
1457 154 4 155 0 5
1458 154 43 89 0 20
1459 154 0 20 0 5
1460 155 4 130 0 5
1461 155 1 82 1 5
1462 155 5 54 1 5
1463 155 2 94 1 20
1464 155 127 112 0 20
1465 155 45 93 1 20
1466 155 0 154 0 5
1467 155 146 164 0 15
1468 155 2 66 1 20
1469 155 0 66 0 5
1470 155 0 87 0 5
1471 155 68 102 0 15
1472 155 2 84 1 20
1473 155 7 118 0 20
1474 155 0 69 0 5
1475 155 4 20 0 5
1476 155 0 122 0 5
1477 155 3 20 1 20
1478 155 126 125 0 10
1479 155 5 130 1 5
1480 155 10 97 0 5
1481 155 0 64 0 5
1482 155 59 100 0 10
1483 155 119 122 1 15
1484 155 8 100 1 10
1485 155 86 74 0 20
1486 155 57 64 0 15
1487 156 4 20 0 5
1488 156 2 124 1 20
1489 156 6 45 1 20
1490 156 77 20 1 20
1491 156 170 167 0 15
1492 156 23 84 1 15
1493 156 8 157 1 10
1494 156 14 136 0 20
1495 156 0 89 0 5
1496 156 57 84 0 15
1497 156 34 143 1 20
1498 156 0 126 0 5
1499 156 0 64 0 5
1500 156 8 54 1 10
1501 156 142 84 1 5
1502 156 1 66 1 5
1503 156 10 139 0 5
1504 156 71 115 0 20
1505 157 68 112 0 15
1506 157 62 150 1 15
1507 157 115 126 0 10
1508 157 175 130 1 10
1509 157 15 149 1 10
1510 157 42 135 0 20
1511 157 199 135 0 15
1512 157 24 164 1 20
1513 157 24 165 1 20
1514 157 133 134 1 20
1515 157 0 92 0 5
1516 157 0 150 0 5
1517 157 3 171 1 20
1518 157 170 143 0 15
1519 157 5 68 1 5
1520 157 2 136 1 20
1521 157 3 97 1 20
1522 157 103 114 0 5
1523 157 96 126 0 10
1524 157 0 75 0 5
1525 157 36 160 0 5
1526 158 1 147 1 5
1527 158 13 127 1 5
1528 158 9 150 0 15
1529 158 191 136 1 5
1530 158 1 45 1 5
1531 158 43 97 0 20
1532 158 9 167 0 15
1533 158 2 123 1 20
1534 158 6 149 1 20
1535 158 15 124 1 10
1536 158 45 171 1 20
1537 158 6 105 1 20
1538 158 0 150 0 5
1539 158 63 135 1 20
1540 158 0 126 0 5
1541 158 6 125 1 20
1542 158 94 170 0 15
1543 158 39 151 1 20
1544 158 1 168 1 5
1545 159 38 125 1 15
1546 159 114 143 0 20
1547 159 0 87 0 5
1548 159 0 102 0 5
1549 159 186 149 0 10
1550 159 38 136 1 15
1551 159 0 115 0 5
1552 159 5 171 1 5
1553 159 96 125 0 10
1554 159 16 164 1 10
1555 159 27 94 1 10
1556 159 5 66 1 5
1557 159 0 151 0 5
1558 159 1 171 1 5
1559 159 9 167 0 15
1560 160 1 74 1 5
1561 160 1 94 1 5
1562 160 76 64 0 20
1563 160 11 124 0 5
1564 160 60 124 1 10
1565 160 6 165 1 20
1566 160 6 43 1 20
1567 160 0 93 0 5
1568 160 3 171 1 20
1569 160 2 165 1 20
1570 160 11 122 0 5
1571 160 41 122 1 10
1572 160 24 95 1 20
1573 160 27 94 1 10
1574 161 92 118 0 20
1575 161 11 94 0 5
1576 161 1 69 1 5
1577 161 24 137 1 20
1578 161 12 135 1 10
1579 161 7 100 0 20
1580 161 77 105 1 20
1581 161 1 74 1 5
1582 161 8 68 1 10
1583 161 8 125 1 10
1584 161 0 165 0 5
1585 161 17 165 0 20
1586 161 29 102 0 20
1587 161 33 167 1 5
1588 161 12 54 1 10
1589 161 6 157 1 20
1590 161 152 160 1 15
1591 161 0 167 0 5
1592 161 0 89 0 5
1593 161 8 45 1 10
1594 161 3 82 1 20
1595 161 43 118 0 20
1596 161 83 136 0 20
1597 161 2 89 1 20
1598 161 18 115 1 5
1599 162 57 167 0 15
1600 162 44 43 1 10
1601 162 1 167 1 5
1602 162 1 127 1 5
1603 162 92 64 0 20
1604 162 80 94 0 15
1605 162 0 165 0 5
1606 162 66 147 1 20
1607 162 14 125 0 20
1608 162 132 136 1 15
1609 162 34 126 1 20
1610 162 15 102 1 10
1611 162 11 122 0 5
1612 162 0 123 0 5
1613 162 17 105 0 20
1614 163 15 66 1 10
1615 163 110 171 1 10
1616 163 0 118 0 5
1617 163 61 171 1 15
1618 163 134 114 1 5
1619 163 127 43 0 20
1620 163 174 135 0 15
1621 163 2 149 1 20
1622 163 2 155 1 20
1623 163 0 75 0 5
1624 163 3 87 1 20
1625 163 192 167 0 15
1626 163 17 165 0 20
1627 163 6 126 1 20
